TOTAL_START=Thu Mar 17 01:47:09 2016
PREPROCESSING_START=0
PREPROCESSING_DONE=0
SEARCH_START=Thu Mar 17 01:47:09 2016
SEARCH_DONE=Thu Mar 17 01:47:10 2016
SOLUTION_TIME=1.2746806
STATUS=success
SOLUTION=(9,5,6,2,8,4,3,1,7,7,1,2,5,9,3,4,8,6,4,3,8,7,6,1,5,2,9,8,9,7,3,1,2,6,5,4,1,2,5,6,4,7,8,9,3,6,4,3,9,5,8,2,7,1,2,8,1,4,3,9,7,6,5,5,7,4,1,2,6,9,3,8,3,6,9,8,7,5,1,4,2)
COUNT_NODES=89
COUNT_DEADENDS=55
N:9	p:3	q:3
9 5 6 | 2 8 4 | 3 1 7 
7 1 2 | 5 9 3 | 4 8 6 
4 3 8 | 7 6 1 | 5 2 9 
- - - - - - - - - - - 
8 9 7 | 3 1 2 | 6 5 4 
1 2 5 | 6 4 7 | 8 9 3 
6 4 3 | 9 5 8 | 2 7 1 
- - - - - - - - - - - 
2 8 1 | 4 3 9 | 7 6 5 
5 7 4 | 1 2 6 | 9 3 8 
3 6 9 | 8 7 5 | 1 4 2 
