TOTAL_START=Thu Mar 17 01:47:05 2016
PREPROCESSING_START=0
PREPROCESSING_DONE=0
SEARCH_START=Thu Mar 17 01:47:05 2016
SEARCH_DONE=Thu Mar 17 01:47:05 2016
SOLUTION_TIME=0.6612484
STATUS=success
SOLUTION=(5,8,2,4,1,3,9,6,7,3,7,4,8,6,9,1,5,2,6,9,1,7,2,5,3,4,8,4,2,8,9,3,1,5,7,6,9,3,6,5,8,7,4,2,1,7,1,5,6,4,2,8,9,3,1,5,7,2,9,8,6,3,4,2,4,3,1,5,6,7,8,9,8,6,9,3,7,4,2,1,5)
COUNT_NODES=44
COUNT_DEADENDS=0
N:9	p:3	q:3
5 8 2 | 4 1 3 | 9 6 7 
3 7 4 | 8 6 9 | 1 5 2 
6 9 1 | 7 2 5 | 3 4 8 
- - - - - - - - - - - 
4 2 8 | 9 3 1 | 5 7 6 
9 3 6 | 5 8 7 | 4 2 1 
7 1 5 | 6 4 2 | 8 9 3 
- - - - - - - - - - - 
1 5 7 | 2 9 8 | 6 3 4 
2 4 3 | 1 5 6 | 7 8 9 
8 6 9 | 3 7 4 | 2 1 5 
