TOTAL_START=Thu Mar 17 01:47:06 2016
PREPROCESSING_START=0
PREPROCESSING_DONE=0
SEARCH_START=Thu Mar 17 01:47:06 2016
SEARCH_DONE=Thu Mar 17 01:47:09 2016
SOLUTION_TIME=3.2514334
STATUS=success
SOLUTION=(9,5,4,2,1,3,6,8,7,6,1,7,5,4,8,9,2,3,8,3,2,7,9,6,5,4,1,7,6,3,8,5,1,2,9,4,1,2,8,9,7,4,3,6,5,5,4,9,3,6,2,1,7,8,2,8,1,6,3,7,4,5,9,4,7,5,1,2,9,8,3,6,3,9,6,4,8,5,7,1,2)
COUNT_NODES=237
COUNT_DEADENDS=225
N:9	p:3	q:3
9 5 4 | 2 1 3 | 6 8 7 
6 1 7 | 5 4 8 | 9 2 3 
8 3 2 | 7 9 6 | 5 4 1 
- - - - - - - - - - - 
7 6 3 | 8 5 1 | 2 9 4 
1 2 8 | 9 7 4 | 3 6 5 
5 4 9 | 3 6 2 | 1 7 8 
- - - - - - - - - - - 
2 8 1 | 6 3 7 | 4 5 9 
4 7 5 | 1 2 9 | 8 3 6 
3 9 6 | 4 8 5 | 7 1 2 
