TOTAL_START=Thu Mar 17 01:47:04 2016
PREPROCESSING_START=0
PREPROCESSING_DONE=0
SEARCH_START=Thu Mar 17 01:47:04 2016
SEARCH_DONE=Thu Mar 17 01:47:04 2016
SOLUTION_TIME=0.2138371
STATUS=success
SOLUTION=(3,6,1,5,2,4,7,8,9,7,8,9,3,6,1,4,2,5,5,2,4,8,7,9,3,6,1,8,9,3,1,5,7,6,4,2,4,1,2,6,8,3,5,9,7,6,5,7,9,4,2,1,3,8,1,4,8,7,9,6,2,5,3,2,3,5,4,1,8,9,7,6,9,7,6,2,3,5,8,1,4)
COUNT_NODES=14
COUNT_DEADENDS=6
N:9	p:3	q:3
3 6 1 | 5 2 4 | 7 8 9 
7 8 9 | 3 6 1 | 4 2 5 
5 2 4 | 8 7 9 | 3 6 1 
- - - - - - - - - - - 
8 9 3 | 1 5 7 | 6 4 2 
4 1 2 | 6 8 3 | 5 9 7 
6 5 7 | 9 4 2 | 1 3 8 
- - - - - - - - - - - 
1 4 8 | 7 9 6 | 2 5 3 
2 3 5 | 4 1 8 | 9 7 6 
9 7 6 | 2 3 5 | 8 1 4 
