TOTAL_START=Thu Mar 17 01:47:03 2016
PREPROCESSING_START=0
PREPROCESSING_DONE=0
SEARCH_START=Thu Mar 17 01:47:03 2016
SEARCH_DONE=Thu Mar 17 01:47:04 2016
SOLUTION_TIME=0.3034327
STATUS=success
SOLUTION=(3,4,8,2,6,7,9,5,1,5,7,1,9,4,3,6,2,8,2,6,9,1,8,5,3,7,4,6,9,7,3,5,1,4,8,2,1,2,3,8,7,4,5,9,6,8,5,4,6,2,9,1,3,7,4,1,5,7,9,8,2,6,3,9,8,2,4,3,6,7,1,5,7,3,6,5,1,2,8,4,9)
COUNT_NODES=26
COUNT_DEADENDS=21
N:9	p:3	q:3
3 4 8 | 2 6 7 | 9 5 1 
5 7 1 | 9 4 3 | 6 2 8 
2 6 9 | 1 8 5 | 3 7 4 
- - - - - - - - - - - 
6 9 7 | 3 5 1 | 4 8 2 
1 2 3 | 8 7 4 | 5 9 6 
8 5 4 | 6 2 9 | 1 3 7 
- - - - - - - - - - - 
4 1 5 | 7 9 8 | 2 6 3 
9 8 2 | 4 3 6 | 7 1 5 
7 3 6 | 5 1 2 | 8 4 9 
