TOTAL_START=Wed Mar 16 22:40:29 2016
PREPROCESSING_START=0
PREPROCESSING_DONE=0
SEARCH_START=Wed Mar 16 22:40:29 2016
SEARCH_DONE=Wed Mar 16 22:55:29 2016
SOLUTION_TIME=900.0000470
STATUS=timeout
SOLUTION=(0,0,0,0,0,0,0,0,0,0,0,0,0,0,0,0,0,0,0,0,0,0,0,6,0,0,0,0,0,0,0,0,0,0,0,0,0,0,E,0,0,0,0,0,0,0,0,0,0,0,0,3,0,0,0,0,0,1,0,0,0,0,0,0,0,0,0,0,0,0,0,0,0,0,0,0,0,0,0,0,0,0,0,0,0,0,0,0,0,0,0,0,0,0,0,0,0,0,0,C,0,0,0,0,0,0,0,0,0,0,0,0,0,0,0,0,3,0,0,0,0,0,0,0,0,0,0,0,0,0,0,0,0,0,6,0,0,0,0,0,0,0,0,0,0,0,0,0,0,0,0,0,0,0,0,0,0,8,0,0,0,0,0,0,0,0,0,0,0,0,0,0,0,0,0,0,0,0,0,0,0,0,0,0,0,0,0,D,0,0,0,0,0,0,0,0,0,0,0,0,0,0,0,0,0,0,0,0,0,0,0,0,0,8,0,0,0,0,0,0,0,0,0,0,0,0,0,0,0,0,0,0,0,0,0,0,0,0,0,0,0,0,0,0,0,0,0,0,0,0,0,0,0,0,0,0)
COUNT_NODES=1134
COUNT_DEADENDS=1094
N:16	p:4	q:4
0 0 0 0 | 0 0 0 0 | 0 0 0 0 | 0 0 0 0 
0 0 0 0 | 0 0 0 6 | 0 0 0 0 | 0 0 0 0 
0 0 0 0 | 0 0 E 0 | 0 0 0 0 | 0 0 0 0 
0 0 0 3 | 0 0 0 0 | 0 1 0 0 | 0 0 0 0 
- - - - - - - - - - - - - - - - - - - 
0 0 0 0 | 0 0 0 0 | 0 0 0 0 | 0 0 0 0 
0 0 0 0 | 0 0 0 0 | 0 0 0 0 | 0 0 0 0 
0 0 0 C | 0 0 0 0 | 0 0 0 0 | 0 0 0 0 
0 0 0 0 | 3 0 0 0 | 0 0 0 0 | 0 0 0 0 
- - - - - - - - - - - - - - - - - - - 
0 0 0 0 | 0 0 6 0 | 0 0 0 0 | 0 0 0 0 
0 0 0 0 | 0 0 0 0 | 0 0 0 0 | 0 8 0 0 
0 0 0 0 | 0 0 0 0 | 0 0 0 0 | 0 0 0 0 
0 0 0 0 | 0 0 0 0 | 0 0 0 D | 0 0 0 0 
- - - - - - - - - - - - - - - - - - - 
0 0 0 0 | 0 0 0 0 | 0 0 0 0 | 0 0 0 0 
0 0 0 0 | 0 8 0 0 | 0 0 0 0 | 0 0 0 0 
0 0 0 0 | 0 0 0 0 | 0 0 0 0 | 0 0 0 0 
0 0 0 0 | 0 0 0 0 | 0 0 0 0 | 0 0 0 0 
