TOTAL_START=Thu Mar 17 03:39:58 2016
PREPROCESSING_START=0
PREPROCESSING_DONE=0
SEARCH_START=Thu Mar 17 03:39:58 2016
SEARCH_DONE=Thu Mar 17 03:44:58 2016
SOLUTION_TIME=300.0000627
STATUS=timeout
SOLUTION=(0,0,0,0,1,0,5,0,0,0,0,3,0,0,0,0,0,3,0,0,0,6,0,0,0,A,5,6,4,0,0,0,0,B,C,0,0,0,0,0,0,0,0,9,C,0,A,0,0,0,0,B,0,0,0,7,0,0,9,0,0,0,0,C,6,0,0,0,0,0,4,8,0,0,0,0,A,2,C,5,0,0,0,0,0,C,A,0,0,0,9,0,0,0,1,0,0,4,6,0,0,0,0,0,0,8,B,0,0,0,2,0,0,A,0,0,0,0,0,4,1,0,0,0,0,0,0,0,0,7,0,0,5,0,0,0,B,0,1,0,0,0,0,0)
COUNT_NODES=8067
COUNT_DEADENDS=8030
N:12	p:4	q:3
0 0 0 | 0 1 0 | 5 0 0 | 0 0 3 
0 0 0 | 0 0 3 | 0 0 0 | 6 0 0 
0 A 5 | 6 4 0 | 0 0 0 | B C 0 
0 0 0 | 0 0 0 | 0 9 C | 0 A 0 
- - - - - - - - - - - - - - - 
0 0 0 | B 0 0 | 0 7 0 | 0 9 0 
0 0 0 | C 6 0 | 0 0 0 | 0 4 8 
0 0 0 | 0 A 2 | C 5 0 | 0 0 0 
0 C A | 0 0 0 | 9 0 0 | 0 1 0 
- - - - - - - - - - - - - - - 
0 4 6 | 0 0 0 | 0 0 0 | 8 B 0 
0 0 2 | 0 0 A | 0 0 0 | 0 0 4 
1 0 0 | 0 0 0 | 0 0 0 | 7 0 0 
5 0 0 | 0 B 0 | 1 0 0 | 0 0 0 
