TOTAL_START=Thu Mar 17 01:47:14 2016
PREPROCESSING_START=0
PREPROCESSING_DONE=0
SEARCH_START=Thu Mar 17 01:47:14 2016
SEARCH_DONE=Thu Mar 17 01:47:14 2016
SOLUTION_TIME=0.1094882
STATUS=success
SOLUTION=(3,6,1,7,2,5,9,4,8,5,8,7,9,6,4,2,1,3,4,9,2,8,3,1,6,5,7,6,3,8,2,5,9,4,7,1,1,7,4,6,8,3,5,9,2,2,5,9,1,4,7,8,3,6,7,4,6,3,9,2,1,8,5,9,2,3,5,1,8,7,6,4,8,1,5,4,7,6,3,2,9)
COUNT_NODES=7
COUNT_DEADENDS=4
N:9	p:3	q:3
3 6 1 | 7 2 5 | 9 4 8 
5 8 7 | 9 6 4 | 2 1 3 
4 9 2 | 8 3 1 | 6 5 7 
- - - - - - - - - - - 
6 3 8 | 2 5 9 | 4 7 1 
1 7 4 | 6 8 3 | 5 9 2 
2 5 9 | 1 4 7 | 8 3 6 
- - - - - - - - - - - 
7 4 6 | 3 9 2 | 1 8 5 
9 2 3 | 5 1 8 | 7 6 4 
8 1 5 | 4 7 6 | 3 2 9 
