TOTAL_START=Thu Mar 17 01:47:16 2016
PREPROCESSING_START=0
PREPROCESSING_DONE=0
SEARCH_START=Thu Mar 17 01:47:16 2016
SEARCH_DONE=Thu Mar 17 01:47:16 2016
SOLUTION_TIME=0.3559711
STATUS=success
SOLUTION=(7,8,6,9,4,5,3,1,2,2,1,9,8,6,3,4,5,7,5,3,4,2,7,1,8,6,9,1,6,5,4,8,2,9,7,3,3,2,7,6,1,9,5,4,8,4,9,8,5,3,7,1,2,6,9,5,1,7,2,8,6,3,4,8,4,2,3,5,6,7,9,1,6,7,3,1,9,4,2,8,5)
COUNT_NODES=37
COUNT_DEADENDS=30
N:9	p:3	q:3
7 8 6 | 9 4 5 | 3 1 2 
2 1 9 | 8 6 3 | 4 5 7 
5 3 4 | 2 7 1 | 8 6 9 
- - - - - - - - - - - 
1 6 5 | 4 8 2 | 9 7 3 
3 2 7 | 6 1 9 | 5 4 8 
4 9 8 | 5 3 7 | 1 2 6 
- - - - - - - - - - - 
9 5 1 | 7 2 8 | 6 3 4 
8 4 2 | 3 5 6 | 7 9 1 
6 7 3 | 1 9 4 | 2 8 5 
