TOTAL_START=Thu Mar 17 01:47:16 2016
PREPROCESSING_START=0
PREPROCESSING_DONE=0
SEARCH_START=Thu Mar 17 01:47:16 2016
SEARCH_DONE=Thu Mar 17 01:47:16 2016
SOLUTION_TIME=0.0927727
STATUS=success
SOLUTION=(3,5,9,8,6,7,1,2,4,6,4,8,3,1,2,5,9,7,7,1,2,5,4,9,8,3,6,8,7,6,9,2,4,3,5,1,5,2,4,7,3,1,9,6,8,1,9,3,6,8,5,4,7,2,9,3,1,4,7,6,2,8,5,4,6,5,2,9,8,7,1,3,2,8,7,1,5,3,6,4,9)
COUNT_NODES=4
COUNT_DEADENDS=1
N:9	p:3	q:3
3 5 9 | 8 6 7 | 1 2 4 
6 4 8 | 3 1 2 | 5 9 7 
7 1 2 | 5 4 9 | 8 3 6 
- - - - - - - - - - - 
8 7 6 | 9 2 4 | 3 5 1 
5 2 4 | 7 3 1 | 9 6 8 
1 9 3 | 6 8 5 | 4 7 2 
- - - - - - - - - - - 
9 3 1 | 4 7 6 | 2 8 5 
4 6 5 | 2 9 8 | 7 1 3 
2 8 7 | 1 5 3 | 6 4 9 
