TOTAL_START=Thu Mar 17 22:04:11 2016
PREPROCESSING_START=0
PREPROCESSING_DONE=0
SEARCH_START=Thu Mar 17 22:04:11 2016
SEARCH_DONE=Thu Mar 17 22:04:14 2016
SOLUTION_TIME=2.9904928
STATUS=success
SOLUTION=(2,4,5,9,8,1,3,7,6,1,6,9,2,7,3,5,8,4,8,3,7,5,6,4,2,1,9,9,7,6,1,2,5,4,3,8,5,1,3,4,9,8,6,2,7,4,8,2,7,3,6,9,5,1,3,9,1,6,5,7,8,4,2,7,2,8,3,4,9,1,6,5,6,5,4,8,1,2,7,9,3)
COUNT_NODES=5
COUNT_DEADENDS=3
N:9	p:3	q:3
2 4 5 | 9 8 1 | 3 7 6 
1 6 9 | 2 7 3 | 5 8 4 
8 3 7 | 5 6 4 | 2 1 9 
- - - - - - - - - - - 
9 7 6 | 1 2 5 | 4 3 8 
5 1 3 | 4 9 8 | 6 2 7 
4 8 2 | 7 3 6 | 9 5 1 
- - - - - - - - - - - 
3 9 1 | 6 5 7 | 8 4 2 
7 2 8 | 3 4 9 | 1 6 5 
6 5 4 | 8 1 2 | 7 9 3 
