TOTAL_START=Thu Mar 17 21:33:43 2016
PREPROCESSING_START=0
PREPROCESSING_DONE=0
SEARCH_START=Thu Mar 17 21:33:43 2016
SEARCH_DONE=Thu Mar 17 21:33:57 2016
SOLUTION_TIME=13.2987914
STATUS=success
SOLUTION=(4,6,2,8,3,1,9,5,7,7,9,5,4,2,6,1,8,3,3,8,1,7,9,5,4,2,6,1,7,3,9,8,4,2,6,5,6,5,9,3,1,2,7,4,8,2,4,8,5,6,7,3,1,9,9,2,6,1,7,8,5,3,4,8,3,4,2,5,9,6,7,1,5,1,7,6,4,3,8,9,2)
COUNT_NODES=35
COUNT_DEADENDS=29
N:9	p:3	q:3
4 6 2 | 8 3 1 | 9 5 7 
7 9 5 | 4 2 6 | 1 8 3 
3 8 1 | 7 9 5 | 4 2 6 
- - - - - - - - - - - 
1 7 3 | 9 8 4 | 2 6 5 
6 5 9 | 3 1 2 | 7 4 8 
2 4 8 | 5 6 7 | 3 1 9 
- - - - - - - - - - - 
9 2 6 | 1 7 8 | 5 3 4 
8 3 4 | 2 5 9 | 6 7 1 
5 1 7 | 6 4 3 | 8 9 2 
