TOTAL_START=Thu Mar 17 21:34:02 2016
PREPROCESSING_START=0
PREPROCESSING_DONE=0
SEARCH_START=Thu Mar 17 21:34:02 2016
SEARCH_DONE=Thu Mar 17 21:44:02 2016
SOLUTION_TIME=600.0000482
STATUS=timeout
SOLUTION=(0,B,1,0,0,0,0,0,0,4,0,0,0,0,0,0,0,0,9,0,0,0,8,6,0,0,0,0,9,3,0,0,0,0,B,C,0,0,6,0,C,0,0,0,B,A,0,0,0,0,0,B,0,0,0,C,3,0,0,0,6,0,C,0,0,0,0,0,2,7,0,0,0,0,0,A,7,0,0,5,0,0,6,0,0,0,0,0,0,0,0,0,0,0,0,0,0,8,2,0,0,7,0,4,0,0,9,0,0,6,0,0,0,0,2,0,0,3,C,0,0,A,3,0,0,0,0,0,0,0,7,0,4,0,0,0,3,0,0,0,6,0,0,1)
COUNT_NODES=260
COUNT_DEADENDS=231
N:12	p:4	q:3
0 B 1 | 0 0 0 | 0 0 0 | 4 0 0 
0 0 0 | 0 0 0 | 9 0 0 | 0 8 6 
0 0 0 | 0 9 3 | 0 0 0 | 0 B C 
0 0 6 | 0 C 0 | 0 0 B | A 0 0 
- - - - - - - - - - - - - - - 
0 0 0 | B 0 0 | 0 C 3 | 0 0 0 
6 0 C | 0 0 0 | 0 0 2 | 7 0 0 
0 0 0 | A 7 0 | 0 5 0 | 0 6 0 
0 0 0 | 0 0 0 | 0 0 0 | 0 0 0 
- - - - - - - - - - - - - - - 
0 8 2 | 0 0 7 | 0 4 0 | 0 9 0 
0 6 0 | 0 0 0 | 2 0 0 | 3 C 0 
0 A 3 | 0 0 0 | 0 0 0 | 0 7 0 
4 0 0 | 0 3 0 | 0 0 6 | 0 0 1 
