TOTAL_START=Thu Mar 17 21:34:00 2016
PREPROCESSING_START=0
PREPROCESSING_DONE=0
SEARCH_START=Thu Mar 17 21:34:00 2016
SEARCH_DONE=Thu Mar 17 21:34:02 2016
SOLUTION_TIME=2.3286009
STATUS=success
SOLUTION=(1,9,3,6,7,2,4,8,5,4,6,2,3,5,8,9,7,1,7,8,5,9,1,4,6,2,3,5,3,8,2,9,6,7,1,4,6,7,4,1,3,5,2,9,8,2,1,9,4,8,7,3,5,6,8,2,6,7,4,1,5,3,9,9,4,1,5,2,3,8,6,7,3,5,7,8,6,9,1,4,2)
COUNT_NODES=1
COUNT_DEADENDS=0
N:9	p:3	q:3
1 9 3 | 6 7 2 | 4 8 5 
4 6 2 | 3 5 8 | 9 7 1 
7 8 5 | 9 1 4 | 6 2 3 
- - - - - - - - - - - 
5 3 8 | 2 9 6 | 7 1 4 
6 7 4 | 1 3 5 | 2 9 8 
2 1 9 | 4 8 7 | 3 5 6 
- - - - - - - - - - - 
8 2 6 | 7 4 1 | 5 3 9 
9 4 1 | 5 2 3 | 8 6 7 
3 5 7 | 8 6 9 | 1 4 2 
