TOTAL_START=Thu Mar 17 22:04:14 2016
PREPROCESSING_START=0
PREPROCESSING_DONE=0
SEARCH_START=Thu Mar 17 22:04:14 2016
SEARCH_DONE=Thu Mar 17 22:14:14 2016
SOLUTION_TIME=600.0000718
STATUS=timeout
SOLUTION=(0,0,0,0,0,0,0,0,0,0,0,0,0,0,0,0,0,0,0,0,0,0,0,6,0,0,0,0,0,0,0,0,0,0,0,0,0,0,E,0,0,0,0,0,0,0,0,0,0,0,0,3,0,0,0,0,0,1,0,0,0,0,0,0,0,0,0,0,0,0,0,0,0,0,0,0,0,0,0,0,0,0,0,0,0,0,0,0,0,0,0,0,0,0,0,0,0,0,0,C,0,0,0,0,0,0,0,0,0,0,0,0,0,0,0,0,3,0,0,0,0,0,0,0,0,0,0,0,0,0,0,0,0,0,6,0,0,0,0,0,0,0,0,0,0,0,0,0,0,0,0,0,0,0,0,0,0,8,0,0,0,0,0,0,0,0,0,0,0,0,0,0,0,0,0,0,0,0,0,0,0,0,0,0,0,0,0,D,0,0,0,0,0,0,0,0,0,0,0,0,0,0,0,0,0,0,0,0,0,0,0,0,0,8,0,0,0,0,0,0,0,0,0,0,0,0,0,0,0,0,0,0,0,0,0,0,0,0,0,0,0,0,0,0,0,0,0,0,0,0,0,0,0,0,0,0)
COUNT_NODES=952
COUNT_DEADENDS=911
N:16	p:4	q:4
0 0 0 0 | 0 0 0 0 | 0 0 0 0 | 0 0 0 0 
0 0 0 0 | 0 0 0 6 | 0 0 0 0 | 0 0 0 0 
0 0 0 0 | 0 0 E 0 | 0 0 0 0 | 0 0 0 0 
0 0 0 3 | 0 0 0 0 | 0 1 0 0 | 0 0 0 0 
- - - - - - - - - - - - - - - - - - - 
0 0 0 0 | 0 0 0 0 | 0 0 0 0 | 0 0 0 0 
0 0 0 0 | 0 0 0 0 | 0 0 0 0 | 0 0 0 0 
0 0 0 C | 0 0 0 0 | 0 0 0 0 | 0 0 0 0 
0 0 0 0 | 3 0 0 0 | 0 0 0 0 | 0 0 0 0 
- - - - - - - - - - - - - - - - - - - 
0 0 0 0 | 0 0 6 0 | 0 0 0 0 | 0 0 0 0 
0 0 0 0 | 0 0 0 0 | 0 0 0 0 | 0 8 0 0 
0 0 0 0 | 0 0 0 0 | 0 0 0 0 | 0 0 0 0 
0 0 0 0 | 0 0 0 0 | 0 0 0 D | 0 0 0 0 
- - - - - - - - - - - - - - - - - - - 
0 0 0 0 | 0 0 0 0 | 0 0 0 0 | 0 0 0 0 
0 0 0 0 | 0 8 0 0 | 0 0 0 0 | 0 0 0 0 
0 0 0 0 | 0 0 0 0 | 0 0 0 0 | 0 0 0 0 
0 0 0 0 | 0 0 0 0 | 0 0 0 0 | 0 0 0 0 
