TOTAL_START=Thu Mar 17 21:44:08 2016
PREPROCESSING_START=0
PREPROCESSING_DONE=0
SEARCH_START=Thu Mar 17 21:44:08 2016
SEARCH_DONE=Thu Mar 17 21:54:08 2016
SOLUTION_TIME=600.0000463
STATUS=timeout
SOLUTION=(0,0,0,0,0,0,0,0,8,0,2,0,0,0,0,0,0,C,1,0,0,4,6,9,0,2,9,1,0,0,0,0,0,7,0,0,0,0,0,0,7,0,0,4,B,1,5,A,0,1,0,7,0,0,8,5,3,0,0,0,9,0,0,0,A,0,0,0,C,0,0,7,B,0,0,8,0,0,0,C,0,0,0,5,0,0,0,9,2,3,0,0,1,0,B,0,1,4,2,C,5,0,0,8,0,0,0,0,0,0,A,0,0,0,0,0,7,5,9,0,6,5,3,0,0,A,7,0,0,0,0,0,0,9,0,4,0,0,0,0,0,0,0,0)
COUNT_NODES=427
COUNT_DEADENDS=424
N:12	p:3	q:4
0 0 0 0 | 0 0 0 0 | 8 0 2 0 
0 0 0 0 | 0 C 1 0 | 0 4 6 9 
0 2 9 1 | 0 0 0 0 | 0 7 0 0 
- - - - - - - - - - - - - - 
0 0 0 0 | 7 0 0 4 | B 1 5 A 
0 1 0 7 | 0 0 8 5 | 3 0 0 0 
9 0 0 0 | A 0 0 0 | C 0 0 7 
- - - - - - - - - - - - - - 
B 0 0 8 | 0 0 0 C | 0 0 0 5 
0 0 0 9 | 2 3 0 0 | 1 0 B 0 
1 4 2 C | 5 0 0 8 | 0 0 0 0 
- - - - - - - - - - - - - - 
0 0 A 0 | 0 0 0 0 | 7 5 9 0 
6 5 3 0 | 0 A 7 0 | 0 0 0 0 
0 9 0 4 | 0 0 0 0 | 0 0 0 0 
