TOTAL_START=Thu Mar 17 01:47:16 2016
PREPROCESSING_START=0
PREPROCESSING_DONE=0
SEARCH_START=Thu Mar 17 01:47:16 2016
SEARCH_DONE=Thu Mar 17 01:47:17 2016
SOLUTION_TIME=0.5769451
STATUS=success
SOLUTION=(3,4,1,8,2,7,9,5,6,7,8,6,9,3,5,2,1,4,5,9,2,1,4,6,8,3,7,4,6,3,5,9,2,7,8,1,1,5,8,4,7,3,6,9,2,2,7,9,6,1,8,5,4,3,6,3,4,7,8,9,1,2,5,9,2,7,3,5,1,4,6,8,8,1,5,2,6,4,3,7,9)
COUNT_NODES=33
COUNT_DEADENDS=0
N:9	p:3	q:3
3 4 1 | 8 2 7 | 9 5 6 
7 8 6 | 9 3 5 | 2 1 4 
5 9 2 | 1 4 6 | 8 3 7 
- - - - - - - - - - - 
4 6 3 | 5 9 2 | 7 8 1 
1 5 8 | 4 7 3 | 6 9 2 
2 7 9 | 6 1 8 | 5 4 3 
- - - - - - - - - - - 
6 3 4 | 7 8 9 | 1 2 5 
9 2 7 | 3 5 1 | 4 6 8 
8 1 5 | 2 6 4 | 3 7 9 
