TOTAL_START=Thu Mar 17 01:47:14 2016
PREPROCESSING_START=0
PREPROCESSING_DONE=0
SEARCH_START=Thu Mar 17 01:47:14 2016
SEARCH_DONE=Thu Mar 17 01:47:14 2016
SOLUTION_TIME=0.3524597
STATUS=success
SOLUTION=(8,2,4,5,1,3,7,9,6,7,6,5,9,8,2,1,3,4,3,9,1,4,6,7,8,2,5,6,5,3,2,7,1,4,8,9,2,4,7,8,9,5,6,1,3,1,8,9,6,3,4,2,5,7,5,3,2,7,4,8,9,6,1,4,1,6,3,2,9,5,7,8,9,7,8,1,5,6,3,4,2)
COUNT_NODES=25
COUNT_DEADENDS=0
N:9	p:3	q:3
8 2 4 | 5 1 3 | 7 9 6 
7 6 5 | 9 8 2 | 1 3 4 
3 9 1 | 4 6 7 | 8 2 5 
- - - - - - - - - - - 
6 5 3 | 2 7 1 | 4 8 9 
2 4 7 | 8 9 5 | 6 1 3 
1 8 9 | 6 3 4 | 2 5 7 
- - - - - - - - - - - 
5 3 2 | 7 4 8 | 9 6 1 
4 1 6 | 3 2 9 | 5 7 8 
9 7 8 | 1 5 6 | 3 4 2 
