TOTAL_START=Thu Mar 17 01:47:14 2016
PREPROCESSING_START=0
PREPROCESSING_DONE=0
SEARCH_START=Thu Mar 17 01:47:14 2016
SEARCH_DONE=Thu Mar 17 01:47:15 2016
SOLUTION_TIME=0.4597375
STATUS=success
SOLUTION=(1,5,3,9,6,7,8,2,4,6,4,8,2,3,1,9,5,7,7,9,2,8,5,4,1,3,6,5,7,1,6,4,2,3,9,8,8,3,4,7,1,9,5,6,2,2,6,9,3,8,5,4,7,1,9,1,6,4,7,3,2,8,5,4,2,7,5,9,8,6,1,3,3,8,5,1,2,6,7,4,9)
COUNT_NODES=30
COUNT_DEADENDS=1
N:9	p:3	q:3
1 5 3 | 9 6 7 | 8 2 4 
6 4 8 | 2 3 1 | 9 5 7 
7 9 2 | 8 5 4 | 1 3 6 
- - - - - - - - - - - 
5 7 1 | 6 4 2 | 3 9 8 
8 3 4 | 7 1 9 | 5 6 2 
2 6 9 | 3 8 5 | 4 7 1 
- - - - - - - - - - - 
9 1 6 | 4 7 3 | 2 8 5 
4 2 7 | 5 9 8 | 6 1 3 
3 8 5 | 1 2 6 | 7 4 9 
