TOTAL_START=Wed Mar 16 19:08:34 2016
PREPROCESSING_START=0
PREPROCESSING_DONE=0
SEARCH_START=Wed Mar 16 19:08:34 2016
SEARCH_DONE=Wed Mar 16 19:08:37 2016
SOLUTION_TIME=2.0400245
STATUS=success
SOLUTION=(3,1,6,5,4,9,2,7,8,9,8,7,3,2,1,6,4,5,4,5,2,6,7,8,9,3,1,5,9,4,2,3,6,8,1,7,2,3,8,4,1,7,5,6,9,6,7,1,9,8,5,3,2,4,8,4,5,1,6,2,7,9,3,1,2,9,7,5,3,4,8,6,7,6,3,8,9,4,1,5,2)
COUNT_NODES=148
COUNT_DEADENDS=138
N:9	p:3	q:3
3 1 6 | 5 4 9 | 2 7 8 
9 8 7 | 3 2 1 | 6 4 5 
4 5 2 | 6 7 8 | 9 3 1 
- - - - - - - - - - - 
5 9 4 | 2 3 6 | 8 1 7 
2 3 8 | 4 1 7 | 5 6 9 
6 7 1 | 9 8 5 | 3 2 4 
- - - - - - - - - - - 
8 4 5 | 1 6 2 | 7 9 3 
1 2 9 | 7 5 3 | 4 8 6 
7 6 3 | 8 9 4 | 1 5 2 
